 Ages (Myr)       30
       0.100000       0.151482       0.229467       0.347601       0.526552
       0.797630        1.20826        1.83030        2.77257        4.19994
        6.36214        9.63748        14.5990        22.1149        33.5000
        50.7463        76.8714        116.446        176.395        267.206
        404.768        613.150        928.810        1406.98        2131.31
        3228.55        4890.67        7408.47        11222.5        17000.0
 SFR (Unnormalized Msol/yr)       30
     0.00335966     0.00221723     0.00145548    0.000965683    0.000642517
    0.000405188    0.000142998    1.36953e-05    2.40921e-08    1.69137e-11
    1.11356e-09    4.75682e-09    2.73715e-09    5.43030e-08    3.98586e-08
    2.85130e-11    6.04743e-10    8.33656e-09    9.67081e-09    5.11977e-09
    7.12171e-10    3.05317e-09    4.59842e-08    1.46990e-07    1.64411e-07
    4.00331e-08    1.64033e-07    3.78205e-09    2.23530e-10    0.000465704
