 Ages (Myr)       30
       0.100000       0.151482       0.229467       0.347601       0.526552
       0.797630        1.20826        1.83030        2.77257        4.19994
        6.36214        9.63748        14.5990        22.1149        33.5000
        50.7463        76.8714        116.446        176.395        267.206
        404.768        613.150        928.810        1406.98        2131.31
        3228.55        4890.67        7408.47        11222.5        17000.0
 Masses in each time bin       30
        140.528        140.488        139.700        140.406        141.512
        135.184        72.2706        10.4849      0.0279400    2.97133e-05
     0.00296338      0.0191756      0.0167144       0.502315       0.558515
    0.000605223      0.0194448       0.406051       0.713538       0.572223
       0.120576       0.783045        17.8651        86.5056        146.571
        54.0624        335.558        11.7199        1.04928    3.31153e+06
